module	trait	nObs	bicor	Z	t	p	adj_p
lightcyan	Sequencing_Platform	95	0.0874794400955652	0.845783084261877	0.846867784692245	0.399242830382327	0.399242830382327
lightcyan	Insertion	51	0.0532007483558149	0.37275717829732	0.372933372774713	0.710806463205605	0.710806463205605
lightcyan	coi_id	95	0.0232730376631204	0.224477581477189	0.224497853472197	0.822862436819302	0.822862436819302
lightcyan	mth_id	95	0.0232723066792833	0.224470528304231	0.224490798388403	0.822867909705298	0.822867909705298
lightcyan	Sex	95	0.00865211041860581	0.0834400133432106	0.0834410544385945	0.933680188256361	0.933680188256361
lightcyan	Diagnosis	95	-0.023464389787635	-0.226323922825095	0.226344699170043	0.82143007316252	0.82143007316252
lightcyan	ADOScs	95	-0.0218501137773714	-0.210748409654809	0.210765184908229	0.8335316278956	0.8335316278956
lightcyan	MSLelcStandard	91	0.133805507683605	1.26993409307757	1.27377289554971	0.206060379758806	0.206060379758806
lightcyan	Mat_BMI_PrePreg	95	-0.121736873425428	-1.17983946041267	1.182784964112	0.239909373024391	0.239909373024391
lightcyan	PCB_11	95	-0.0994184905057021	-0.961934864880887	0.963530813297317	0.337779935173689	0.337779935173689
lightcyan	PCB_39	95	0.0652578191211373	0.630219248894599	0.630667925607269	0.529804452249394	0.529804452249394
lightcyan	PCB_153_168	95	-0.0299170845677494	-0.288596036809356	0.288639114889149	0.77349992935821	0.77349992935821
lightcyan	PCB_129_138_163	95	-0.00821325633927489	-0.0792075568285448	0.0792084473966114	0.937037013323283	0.937037013323283
lightcyan	PCB_180_193	95	-0.0226785900685152	-0.218741908516789	0.218760665930798	0.827315850993285	0.827315850993285
lightcyan	PCB_198_199	95	0.017215175043736	0.166033539232123	0.166041741986638	0.868484543076369	0.868484543076369
lightcyan	Unclassified_PCBs_Total	95	-0.021761819667271	-0.209896527021844	0.209913099667554	0.834194679779676	0.834194679779676
lightcyan	PCB_118	95	-0.0997139160134885	-0.96481237128054	0.966422689615783	0.336339176264104	0.336339176264104
lightcyan	PCB_156_157	95	0.00221091642993474	0.021321340652724	0.0213213580231093	0.98303498567598	0.98303498567598
lightcyan	PCB_169	95	0.0675226771804319	0.652157454849183	0.652654644976137	0.515589015250475	0.515589015250475
lightcyan	DL_PCBs_Total	95	-0.0711271374511447	-0.687085511670456	0.687666956350298	0.493374041676745	0.493374041676745
lightcyan	PCB_146	95	0.051746905797178	0.499475228238398	0.499698567930643	0.618467553036253	0.618467553036253
lightcyan	PCB_187	95	0.0435775302118776	0.420512802083685	0.420646075875917	0.674983971819548	0.674983971819548
lightcyan	PCB_183	95	0.0427756258431524	0.412765072541429	0.412891114285772	0.680636773459029	0.680636773459029
lightcyan	PCB_177	95	0.00405735458037538	0.0391279252972133	0.0391280326532864	0.968872184707544	0.968872184707544
lightcyan	PCB_170	95	-0.0114055300782304	-0.109995718622541	0.109998103664206	0.912647896906852	0.912647896906852
lightcyan	PCB_196	95	0.0720397878847185	0.695932126097414	0.696536324455683	0.487830319983019	0.487830319983019
lightcyan	PCB_203	95	0.0192743451941366	0.185898076382248	0.185909589648751	0.852920558478661	0.852920558478661
lightcyan	PCB_194	95	-0.0162405815325128	-0.156632268349394	0.156639155114047	0.875868785117729	0.875868785117729
lightcyan	NDL_PCBs_Totals	95	0.0212060596094934	0.204534496082268	0.204549830781574	0.83837085040709	0.83837085040709
lightcyan	Total_PCBs	95	-0.0148130516112418	-0.142862346316326	0.1428675717688	0.886703851687028	0.886703851687028
lightcyan	weight(g)	95	0.00242497639230733	0.0233856712710321	0.0233856941910758	0.981392720443164	0.981392720443164
red	Sequencing_Platform	95	0.0265720537847316	0.256311943134796	0.25634212094131	0.798252871538727	0.798252871538727
red	Insertion	51	0.172548331893316	1.22004407797374	1.22623049016319	0.225972297730099	0.225972297730099
red	coi_id	95	-0.011266544634958	-0.108655219282737	0.108657518184088	0.91370823386033	0.91370823386033
red	mth_id	95	-0.0112680556706994	-0.108669793033882	0.108672092860405	0.913696705167856	0.913696705167856
red	Sex	95	0.153483454027032	1.49193056542166	1.49788898853653	0.137548684978624	0.137548684978624
red	Diagnosis	95	-0.0755570834252326	-0.730037476715418	0.730734946995683	0.466778043289831	0.466778043289831
red	ADOScs	95	-0.166201374876013	-1.61779542341069	1.62539427035293	0.107462825851884	0.107462825851884
red	MSLelcStandard	91	0.0415533006664425	0.392238915116112	0.39235193329825	0.695736237244736	0.695736237244736
red	Mat_BMI_PrePreg	95	0.0586725220594657	0.566467925100447	0.566793736816234	0.572219765907483	0.572219765907483
red	PCB_11	95	0.0105855983046842	0.10208762639978	0.102089533122552	0.918905406099097	0.918905406099097
red	PCB_39	95	0.0237990853109053	0.229553413130987	0.229575091637951	0.818926124776522	0.818926124776522
red	PCB_153_168	95	0.0550486502202621	0.531407175984732	0.531676152263871	0.596218046753341	0.596218046753341
red	PCB_129_138_163	95	0.0616674347996635	0.595454784395829	0.595833222585509	0.552734005540456	0.552734005540456
red	PCB_180_193	95	0.0988363447730422	0.956265142495809	0.957833027799109	0.340630395189076	0.340630395189076
red	PCB_198_199	95	0.130631260332686	1.26700227614484	1.27065042710881	0.207022452938191	0.207022452938191
red	Unclassified_PCBs_Total	95	0.0790490210059264	0.763914982381791	0.764714148643701	0.446377886285378	0.446377886285378
red	PCB_118	95	-0.0602157290454603	-0.581402851447709	0.581755121886174	0.562139163122676	0.562139163122676
red	PCB_156_157	95	-0.0138731533089382	-0.133796429588117	0.1338007220214	0.893849274276513	0.893849274276513
red	PCB_169	95	-0.0309585908857316	-0.298649274860157	0.298697013607638	0.76583763865801	0.76583763865801
red	DL_PCBs_Total	95	-0.0526995918404017	-0.508687725374555	0.508923653650794	0.61201105165628	0.61201105165628
red	PCB_146	95	0.0853751512879312	0.825337326916734	0.826345231247119	0.410723287380772	0.410723287380772
red	PCB_187	95	0.155152462410194	1.50841854895825	1.51457687457469	0.133270991836503	0.133270991836503
red	PCB_183	95	0.159825134921491	1.55462634244824	1.56136864392918	0.121833418630657	0.121833418630657
red	PCB_177	95	0.133276407220484	1.29296319179316	1.29684035977684	0.197894452723087	0.197894452723087
red	PCB_170	95	0.0578725736250608	0.558727216307693	0.559039851722068	0.577478255104582	0.577478255104582
red	PCB_196	95	0.181438786824496	1.76932110918241	1.77926409210769	0.0784634446181657	0.0784634446181657
red	PCB_203	95	0.0733654674612598	0.708784452057186	0.709422753237616	0.479837001253721	0.479837001253721
red	PCB_194	95	0.073148737367306	0.706683105621093	0.707315745454267	0.481138972776941	0.481138972776941
red	NDL_PCBs_Totals	95	0.113888266399735	1.10308447512862	1.10549147587665	0.271798382655539	0.271798382655539
red	Total_PCBs	95	0.0787323924873058	0.76084240456437	0.761631964480637	0.448206812118122	0.448206812118122
red	weight(g)	95	-0.00760739622048237	-0.0733644876342187	0.0733651952943432	0.941673076581707	0.941673076581707
purple	Sequencing_Platform	95	0.00476971680772842	0.0459978319446216	0.0459980063574329	0.963410467290479	0.963410467290479
purple	Insertion	51	0.011758171992233	0.0823109973770677	0.0823128942108001	0.934733229855919	0.934733229855919
purple	coi_id	95	-0.00711837569835743	-0.0686482887348836	0.0686488685052959	0.945416504814943	0.945416504814943
purple	mth_id	95	-0.00712581024778053	-0.0687199885700028	0.0687205701589434	0.945359584617648	0.945359584617648
purple	Sex	95	0.00180813653380843	0.0174370562629163	0.0174370657642669	0.9861252940729	0.9861252940729
purple	Diagnosis	95	-0.0134676420807245	-0.129885089919654	0.129889016799727	0.896934760087421	0.896934760087421
purple	ADOScs	95	-0.0509516245420465	-0.491785537378002	0.491998718885817	0.623879606297664	0.623879606297664
purple	MSLelcStandard	91	-0.110213386410004	-1.04399190812723	1.04612404981331	0.298336647308672	0.298336647308672
purple	Mat_BMI_PrePreg	95	-0.105953025444515	-1.02562342946775	1.0275579583075	0.306822999961471	0.306822999961471
purple	PCB_11	95	-0.151300106903532	-1.47037451729804	1.47607818872055	0.143300865821923	0.143300865821923
purple	PCB_39	95	-0.00849356668637979	-0.081910960580541	0.0819119454834605	0.934892769429447	0.934892769429447
purple	PCB_153_168	95	-0.0147394007628122	-0.142151928145027	0.142157076029401	0.88726345071416	0.88726345071416
purple	PCB_129_138_163	95	-0.0555984534935006	-0.536725564842973	0.537002698905977	0.592548201508568	0.592548201508568
purple	PCB_180_193	95	0.0257338313762635	0.248222885768187	0.248250295554413	0.804488094798884	0.804488094798884
purple	PCB_198_199	95	0.078046860345737	0.754190496203974	0.754959523539243	0.452180928852574	0.452180928852574
purple	Unclassified_PCBs_Total	95	-0.0160134922809208	-0.154441729187726	0.154448331032928	0.877590933693999	0.877590933693999
purple	PCB_118	95	-0.119585832142781	-1.15878908508837	1.16157965247238	0.248378830265558	0.248378830265558
purple	PCB_156_157	95	-0.0152799067510924	-0.147365553833467	0.147371289168777	0.883157990740656	0.883157990740656
purple	PCB_169	95	-0.079658979835794	-0.769834487970168	0.770652380548625	0.442866419567838	0.442866419567838
purple	DL_PCBs_Total	95	-0.102537909991166	-0.992327382892246	0.994079489985023	0.322763618296839	0.322763618296839
purple	PCB_146	95	-0.0621009332563443	-0.599651363623226	0.600037860720764	0.549940299421332	0.549940299421332
purple	PCB_187	95	0.025220283197914	0.24326718973264	0.243292990358035	0.808314268044444	0.808314268044444
purple	PCB_183	95	-0.029370675729432	-0.283322026080506	0.283362785271961	0.777528575169735	0.777528575169735
purple	PCB_177	95	-0.13749262186827	-1.33438212559074	1.33864421139488	0.183949775743004	0.183949775743004
purple	PCB_170	95	-0.0208915313218276	-0.201499950635712	0.201514612868607	0.840736317081281	0.840736317081281
purple	PCB_196	95	-0.0537996364047917	-0.519326338074098	0.519577382058891	0.604592617206022	0.604592617206022
purple	PCB_203	95	0.00669784447355788	0.0645926388653814	0.0645931218306026	0.948636602376968	0.948636602376968
purple	PCB_194	95	0.0779377973117094	0.753132293553167	0.753898087710982	0.452814982468629	0.452814982468629
purple	NDL_PCBs_Totals	95	-0.00819742174404196	-0.079054843240335	0.0790557286672225	0.93715815416895	0.93715815416895
purple	Total_PCBs	95	-0.0224583715278503	-0.216617115576687	0.216635331662475	0.828967054685393	0.828967054685393
purple	weight(g)	95	0.0251847127177024	0.242923942425056	0.242949633988983	0.808579452893079	0.808579452893079
tan	Sequencing_Platform	95	0.0256244347105943	0.247167206395153	0.247194267941691	0.80530276814622	0.80530276814622
tan	Insertion	51	-0.117121757526074	-0.823632238896357	0.825533988359175	0.41306978278756	0.41306978278756
tan	coi_id	95	-0.0432777649114719	-0.417616507897815	0.417747046661496	0.677094994095266	0.677094994095266
tan	mth_id	95	-0.0432886421457345	-0.41772160103152	0.417852238376352	0.677018350119592	0.677018350119592
tan	Sex	95	-0.0571929331642326	-0.552151234186635	0.552452959069508	0.58196340568796	0.58196340568796
tan	Diagnosis	95	0.155783605594347	1.51465583066383	1.52089092948053	0.1316800252154	0.1316800252154
tan	ADOScs	95	0.0811983820290634	0.784776605291234	0.785643063748929	0.434073688482727	0.434073688482727
tan	MSLelcStandard	91	-0.245800262398997	-2.36734504854252	2.39226864448841	0.0188479918221355	0.0188479918221355
tan	Mat_BMI_PrePreg	95	-0.197939714578774	-1.93439426268104	1.94739220015486	0.0545041561468843	0.0545041561468843
tan	PCB_11	95	0.149836033934764	1.45592799261843	1.46146506772515	0.147258554181496	0.147258554181496
tan	PCB_39	95	0.196341774330621	1.91836116305813	1.93103815330704	0.0565238553551954	0.0565238553551954
tan	PCB_153_168	95	-0.096607728257153	-0.934565914943059	0.936029437923929	0.351682312772874	0.351682312772874
tan	PCB_129_138_163	95	-0.0932774028276532	-0.902157253925186	0.903473698477045	0.368608828645403	0.368608828645403
tan	PCB_180_193	95	-0.0749579777558346	-0.724227001930781	0.724907947512787	0.470328483572031	0.470328483572031
tan	PCB_198_199	95	0.0179435553815767	0.173059956544885	0.173069245408045	0.862973118310914	0.862973118310914
tan	Unclassified_PCBs_Total	95	-0.0707744279518156	-0.683666895040189	0.684239702396349	0.495525365598881	0.495525365598881
tan	PCB_118	95	-0.0824318406236981	-0.796751809337551	0.79765855022279	0.427100641968459	0.427100641968459
tan	PCB_156_157	95	-0.118937750297175	-1.15244903293172	1.15519402496622	0.250970422254564	0.250970422254564
tan	PCB_169	95	0.218144031496504	2.13806079834773	2.15561953446632	0.0336947800714947	0.0336947800714947
tan	DL_PCBs_Total	95	-0.080924485205451	-0.782117768865491	0.782975448478014	0.435630829168438	0.435630829168438
tan	PCB_146	95	-0.0777452526354969	-0.7512641402269	0.752024248676497	0.453935573435144	0.453935573435144
tan	PCB_187	95	-0.0186696785504639	-0.180064782646243	0.180075245730318	0.857485295314054	0.857485295314054
tan	PCB_183	95	0.022618027507582	0.218157564592964	0.218176172080796	0.827769875933196	0.827769875933196
tan	PCB_177	95	-0.0606119082543731	-0.585237461099487	0.585596748613628	0.559564908026398	0.559564908026398
tan	PCB_170	95	-0.0978554294603276	-0.946713150962062	0.948234505027284	0.345467597817248	0.345467597817248
tan	PCB_196	95	-0.0477005465977972	-0.460356780999193	0.460531644399155	0.646209720708347	0.646209720708347
tan	PCB_203	95	-0.0444487364126096	-0.428930717776006	0.429072157111369	0.668863034611856	0.668863034611856
tan	PCB_194	95	0.0621969464762126	0.600580871801518	0.600969169224771	0.549322463741659	0.549322463741659
tan	NDL_PCBs_Totals	95	-0.0389980208397531	-0.376274122389364	0.376369602280183	0.707499424752572	0.707499424752572
tan	Total_PCBs	95	-0.0646932859663136	-0.624752006431966	0.625189105534333	0.533378017608814	0.533378017608814
tan	weight(g)	95	-0.0498296319355765	-0.480937886853802	0.481137269235891	0.631549030618712	0.631549030618712
royalblue	Sequencing_Platform	95	-0.0549219631772642	-0.530181745437407	0.530448865031013	0.597065103510215	0.597065103510215
royalblue	Insertion	51	0.17579151069075	1.24345657450835	1.25000639980064	0.217234422424409	0.217234422424409
royalblue	coi_id	95	0.0240177784366943	0.231663619489985	0.231685901370673	0.817291001034615	0.817291001034615
royalblue	mth_id	95	0.0240195683493519	0.231680890746277	0.231703177610987	0.817277621440423	0.817277621440423
royalblue	Sex	95	0.19584071497443	1.91333589085218	1.92591338704293	0.0571696405125199	0.0571696405125199
royalblue	Diagnosis	95	-0.0762169630717703	-0.7364379853154	0.737153965455422	0.462884432208547	0.462884432208547
royalblue	ADOScs	95	-0.064224805510221	-0.620215294545365	0.620642939184762	0.536352630595525	0.536352630595525
royalblue	MSLelcStandard	91	0.220968834734049	2.11957451072229	2.13745176719288	0.0353032843700258	0.0353032843700258
royalblue	Mat_BMI_PrePreg	95	0.0511675558877607	0.49387334696289	0.494089255353044	0.622408156378892	0.622408156378892
royalblue	PCB_11	95	-0.00108349250684844	-0.0104488274270213	0.010448829471434	0.991685573861224	0.991685573861224
royalblue	PCB_39	95	-0.12236061055446	-1.18594551886988	1.18893701474763	0.23749139263533	0.23749139263533
royalblue	PCB_153_168	95	-0.00455886523788228	-0.043964408796722	0.0439645610862233	0.965026912399434	0.965026912399434
royalblue	PCB_129_138_163	95	-0.0190915959537256	-0.184135057759168	0.184146246550253	0.854299661569301	0.854299661569301
royalblue	PCB_180_193	95	-0.0385510424083274	-0.371957127979702	0.372049358946729	0.710702513499606	0.710702513499606
royalblue	PCB_198_199	95	-0.0470956980186173	-0.45451069865511	0.454678984027086	0.650399749276062	0.650399749276062
royalblue	Unclassified_PCBs_Total	95	-0.0261054500819126	-0.251809056111946	0.251837671170674	0.801722227076985	0.801722227076985
royalblue	PCB_118	95	-0.00416228476859323	-0.0401398524796745	0.0401399683823585	0.968067583341495	0.968067583341495
royalblue	PCB_156_157	95	-0.0127276844979251	-0.122747972723538	0.122751287179885	0.902568929139782	0.902568929139782
royalblue	PCB_169	95	-0.0549858818446621	-0.530800021896967	0.531068077187449	0.596637662266129	0.596637662266129
royalblue	DL_PCBs_Total	95	-0.010984084341993	-0.105930933653437	0.105933063934081	0.915863621695848	0.915863621695848
royalblue	PCB_146	95	-0.0525325603000437	-0.507072459744983	0.507306147473848	0.613140928169614	0.613140928169614
royalblue	PCB_187	95	-0.0446017776238898	-0.430409525506668	0.430552432893727	0.667790012633705	0.667790012633705
royalblue	PCB_183	95	-0.0354448043693571	-0.341960568219187	0.34203223554425	0.733098354990562	0.733098354990562
royalblue	PCB_177	95	-0.0147352099171468	-0.142111504313457	0.142116647807328	0.887295294418027	0.887295294418027
royalblue	PCB_170	95	-0.0296895281373274	-0.286399611109711	0.286441713061044	0.77517696933515	0.77517696933515
royalblue	PCB_196	95	0.0318016942513067	0.306787883954181	0.306839633005046	0.75965141042446	0.75965141042446
royalblue	PCB_203	95	-0.00267587747071198	-0.0258052893982521	0.0258053201940991	0.979467909899799	0.979467909899799
royalblue	PCB_194	95	-0.115905445648262	-1.12279769423938	1.1253361213045	0.263342479295114	0.263342479295114
royalblue	NDL_PCBs_Totals	95	-0.0422066660765257	-0.407268298694314	0.407389371428131	0.684658250667131	0.684658250667131
royalblue	Total_PCBs	95	-0.0300081427921105	-0.289474959584765	0.28951843246078	0.772829141433103	0.772829141433103
royalblue	weight(g)	95	0.105224243492795	1.0185160708608	1.02041064530235	0.310180890331579	0.310180890331579
green	Sequencing_Platform	95	0.00438042720812034	0.0422435803723932	0.0422437154702248	0.966394977281923	0.966394977281923
green	Insertion	51	-0.0717754790574866	-0.503293820130763	0.503727560371499	0.616710130759099	0.616710130759099
green	coi_id	95	-0.10042739070011	-0.971762471538741	0.973407853224194	0.332875703400611	0.332875703400611
green	mth_id	95	-0.100426476307226	-0.971753563611592	0.973398900033619	0.332880127656743	0.332880127656743
green	Sex	95	-0.128423063635324	-1.24534381885685	1.24880796112972	0.21486970637344	0.21486970637344
green	Diagnosis	95	-0.0529222726208407	-0.510841187054209	0.511080124627602	0.61050614995974	0.61050614995974
green	ADOScs	95	-0.0200927313833821	-0.193793366384713	0.193806409799065	0.846750151055171	0.846750151055171
green	MSLelcStandard	91	-0.0847885166050726	-0.801818412321109	0.802784115536855	0.424238149074048	0.424238149074048
green	Mat_BMI_PrePreg	95	0.0206971513967596	0.199624607610481	0.19963886425537	0.842198895344224	0.842198895344224
green	PCB_11	95	0.181896224988891	1.77388304098765	1.78390321896954	0.0777010342429781	0.0777010342429781
green	PCB_39	95	0.0369287376014598	0.356289868672171	0.356370928534217	0.722370018111401	0.722370018111401
green	PCB_153_168	95	-0.162863397274549	-1.58470943124845	1.59185112262501	0.114811678244018	0.114811678244018
green	PCB_129_138_163	95	-0.155328394598566	-1.51015707531907	1.51633673623797	0.132826043358834	0.132826043358834
green	PCB_180_193	95	-0.105863076944628	-1.02474615761457	1.02667572470805	0.307236154762651	0.307236154762651
green	PCB_198_199	95	-0.0744677570468146	-0.719472947327358	0.720140568454462	0.473244525428122	0.473244525428122
green	Unclassified_PCBs_Total	95	-0.132031874786588	-1.28074637311202	1.28451460999516	0.202152395949495	0.202152395949495
green	PCB_118	95	-0.119712564251813	-1.16002899576506	1.16282853483185	0.247874206350943	0.247874206350943
green	PCB_156_157	95	-0.226831151243274	-2.22619997027372	2.24602507189753	0.027070003735833	0.027070003735833
green	PCB_169	95	0.106665198470306	1.03256988395649	1.03454400196025	0.303564607324291	0.303564607324291
green	DL_PCBs_Total	95	-0.148795477400202	-1.44566439897084	1.45108510969011	0.150120980165195	0.150120980165195
green	PCB_146	95	-0.159797748263685	-1.55435531307685	1.56109408581581	0.121898180898075	0.121898180898075
green	PCB_187	95	-0.0951633633127978	-0.920507709641336	0.9219061563953	0.358962997876264	0.358962997876264
green	PCB_183	95	-0.163057338479389	-1.58663075534198	1.59379847776664	0.114374325476058	0.114374325476058
green	PCB_177	95	-0.0261803666301093	-0.252532019249666	0.252560881490452	0.801164936171759	0.801164936171759
green	PCB_170	95	-0.106791334418386	-1.03380031068584	1.0357814969819	0.302989866573911	0.302989866573911
green	PCB_196	95	0.000281643451393813	0.00271607115617827	0.00271607119208613	0.997838709048625	0.997838709048625
green	PCB_203	95	-0.0928553064397392	-0.898051139227966	0.899349685152519	0.370789190124598	0.370789190124598
green	PCB_194	95	-0.141951912093171	-1.37824229350893	1.3829389201594	0.169995038500591	0.169995038500591
green	NDL_PCBs_Totals	95	-0.113170899023801	-1.09607610370953	1.09843749761556	0.274849150460028	0.274849150460028
green	Total_PCBs	95	-0.132012321095738	-1.28055445911723	1.28432100129958	0.202219815434143	0.202219815434143
green	weight(g)	95	-0.160495876788655	-1.56126503470964	1.56809415608012	0.120255537013912	0.120255537013912
magenta	Sequencing_Platform	95	0.0267038746265655	0.257584079982621	0.257614709372557	0.797273445669898	0.797273445669898
magenta	Insertion	51	-0.0653932835129386	-0.458407157413177	0.458734875161909	0.648452922662936	0.648452922662936
magenta	coi_id	95	-0.0736083100144995	-0.711139056466273	0.711783741331828	0.478380411924445	0.478380411924445
magenta	mth_id	95	-0.0736110431809503	-0.711165557763213	0.711810314718968	0.478364031708672	0.478364031708672
magenta	Sex	95	-0.0500517073229207	-0.483084859040834	0.483286923795964	0.630027891005796	0.630027891005796
magenta	Diagnosis	95	-0.0465151835387288	-0.448900128237281	0.449062257736234	0.654431457934322	0.654431457934322
magenta	ADOScs	95	-0.0510272077152778	-0.492516335120478	0.49273046849299	0.623364381396775	0.623364381396775
magenta	MSLelcStandard	91	-0.0178085885402545	-0.168023652446468	0.168032535798939	0.866938936428498	0.866938936428498
magenta	Mat_BMI_PrePreg	95	0.0641851304691241	0.619831098542349	0.620257948843664	0.536604923634897	0.536604923634897
magenta	PCB_11	95	-0.115564162776871	-1.11946179857861	1.12197765724889	0.26476042123208	0.26476042123208
magenta	PCB_39	95	0.138729417043742	1.34654127964927	1.35092101801074	0.179998386811235	0.179998386811235
magenta	PCB_153_168	95	-0.0423888555722742	-0.409028419601857	0.409151068970687	0.6833695490198	0.6833695490198
magenta	PCB_129_138_163	95	-0.0389818864952125	-0.376118291508679	0.376213652815938	0.707614956804112	0.707614956804112
magenta	PCB_180_193	95	-0.0414130137442935	-0.399601189784145	0.399715552221605	0.690282581733184	0.690282581733184
magenta	PCB_198_199	95	-0.0593723962975706	-0.573240862658255	0.573578502703631	0.567637555374727	0.567637555374727
magenta	Unclassified_PCBs_Total	95	-0.0455730548524641	-0.439795264670484	0.439947727020547	0.660995712567736	0.660995712567736
magenta	PCB_118	95	0.0612527751095248	0.591440788857107	0.591811624349899	0.55541269621829	0.55541269621829
magenta	PCB_156_157	95	-0.0301514528270736	-0.290858243101825	0.29090234219749	0.771773774500642	0.771773774500642
magenta	PCB_169	95	-0.0775984264222957	-0.7498396054046	0.750595397263286	0.454791120347156	0.454791120347156
magenta	DL_PCBs_Total	95	0.0327670243961629	0.316106904494319	0.316163514223615	0.752586901659523	0.752586901659523
magenta	PCB_146	95	-0.0575972209940148	-0.556062930768782	0.556371114586523	0.579293459432429	0.579293459432429
magenta	PCB_187	95	-0.0626895355507361	-0.605349823801847	0.605747446002249	0.546158007572482	0.546158007572482
magenta	PCB_183	95	-0.0152896912979394	-0.147459934635838	0.147465680997942	0.883083699475794	0.883083699475794
magenta	PCB_177	95	-0.104876450380647	-1.01512464922531	1.01700035418257	0.311791741911921	0.311791741911921
magenta	PCB_170	95	-0.0225997369016148	-0.217981086167818	0.217999648533855	0.827907007947289	0.827907007947289
magenta	PCB_196	95	-0.017536399104228	-0.169132247469935	0.169140918121615	0.866053150526144	0.866053150526144
magenta	PCB_203	95	0.0091475948688936	0.0882186709420189	0.0882199013500294	0.929891590508196	0.929891590508196
magenta	PCB_194	95	-0.0335793048892276	-0.323948884098357	0.324009812497738	0.746658171791169	0.746658171791169
magenta	NDL_PCBs_Totals	95	-0.0386213495315062	-0.372636156323508	0.372728893356647	0.710198351223108	0.710198351223108
magenta	Total_PCBs	95	-0.0374504998765431	-0.361328530759273	0.361413078703192	0.718610454008786	0.718610454008786
magenta	weight(g)	95	0.272407585568983	2.695039234695	2.73025659693679	0.00757025812974435	0.00757025812974435
grey60	Sequencing_Platform	95	-0.00414746432275174	-0.0399969268085303	0.039997041477536	0.968181224130906	0.968181224130906
grey60	Insertion	51	-0.156927413653109	-1.10764475305046	1.11227280086236	0.271448228656886	0.271448228656886
grey60	coi_id	95	0.093538842565232	0.904700679045437	0.906028292536304	0.367262292205012	0.367262292205012
grey60	mth_id	95	0.0935417270559355	0.904728741607789	0.90605647868093	0.367247452572483	0.367247452572483
grey60	Sex	95	0.161931852977263	1.57548260361712	1.58250016433788	0.116930447294238	0.116930447294238
grey60	Diagnosis	95	-0.101452970845715	-0.981754618388075	0.983451297472897	0.327936991329254	0.327936991329254
grey60	ADOScs	95	-0.085231174065113	-0.823938683449448	0.8249414711324	0.41151577607535	0.41151577607535
grey60	MSLelcStandard	91	0.080098650889908	0.7572714404715	0.758084932670721	0.450402865261496	0.450402865261496
grey60	Mat_BMI_PrePreg	95	-0.0928644818578821	-0.898140393391196	0.899439326640007	0.370741710427532	0.370741710427532
grey60	PCB_11	95	-0.110687840054741	-1.07182653403618	1.07403457714315	0.285585996526435	0.285585996526435
grey60	PCB_39	95	0.0756599341171601	0.731035035561175	0.731735369471226	0.466170000741321	0.466170000741321
grey60	PCB_153_168	95	-0.0730440703727315	-0.70566831154803	0.706298229402913	0.481768419959355	0.481768419959355
grey60	PCB_129_138_163	95	-0.0825267760690976	-0.797673604439721	0.798583496824417	0.426566623347115	0.426566623347115
grey60	PCB_180_193	95	-0.0605074839015906	-0.584226722248101	0.584584151217439	0.560242880181429	0.560242880181429
grey60	PCB_198_199	95	-0.0489482045329699	-0.47241692336474	0.472605893969021	0.637601601822691	0.637601601822691
grey60	Unclassified_PCBs_Total	95	-0.076079148867714	-0.735101201885364	0.735813289400437	0.463696128159935	0.463696128159935
grey60	PCB_118	95	-0.0623808778921426	-0.602361551018395	0.602753312965313	0.548139824414291	0.548139824414291
grey60	PCB_156_157	95	-0.0952935784122804	-0.921774950511661	0.92317918260719	0.358302819100588	0.358302819100588
grey60	PCB_169	95	0.0693461626362923	0.669825259839034	0.670363969946354	0.504287087032941	0.504287087032941
grey60	DL_PCBs_Total	95	-0.0699748552606854	-0.675917716321399	0.676471262636295	0.50042048353394	0.50042048353394
grey60	PCB_146	95	-0.0679346576606646	-0.656148759581256	0.656655135754475	0.513024308712838	0.513024308712838
grey60	PCB_187	95	-0.0905874749862338	-0.875995404145765	0.877200580095372	0.38263811672664	0.38263811672664
grey60	PCB_183	95	-0.0476355810293	-0.459728848929823	0.459902997704053	0.646659237370035	0.646659237370035
grey60	PCB_177	95	-0.0913027997571251	-0.882951278888712	0.884185400762373	0.378876289218168	0.378876289218168
grey60	PCB_170	95	-0.0469926777772151	-0.45351500379716	0.45368218552261	0.651114501221274	0.651114501221274
grey60	PCB_196	95	-0.00657355635250511	-0.0633939948513487	0.0633944514252683	0.949588463475047	0.949588463475047
grey60	PCB_203	95	-0.040589033319391	-0.391641629189706	0.391749292606952	0.696139689300088	0.696139689300088
grey60	PCB_194	95	-0.121776076478371	-1.18022320991195	1.1831715901073	0.239756897500756	0.239756897500756
grey60	NDL_PCBs_Totals	95	-0.0729754242523228	-0.70500276469003	0.7056309015985	0.48218148369934	0.48218148369934
grey60	Total_PCBs	95	-0.0767858350431818	-0.741956283730869	0.742688482996485	0.459542161518005	0.459542161518005
grey60	weight(g)	95	0.0982447898368202	0.950504455436842	0.952044166461793	0.343542407172696	0.343542407172696
salmon	Sequencing_Platform	95	-0.000842882862737818	-0.00812846988563088	0.00812847084811223	0.99353190121132	0.99353190121132
salmon	Insertion	51	0.100676957511229	0.707134330450674	0.708337647387639	0.482091837532631	0.482091837532631
salmon	coi_id	95	-0.0433577282714458	-0.418389096321403	0.418520360959946	0.676531627172293	0.676531627172293
salmon	mth_id	95	-0.0433588649666165	-0.418400078859184	0.418531353835571	0.676523620081538	0.676523620081538
salmon	Sex	95	-0.0808304885336786	-0.781205329369608	0.782060010051388	0.436165942644323	0.436165942644323
salmon	Diagnosis	95	-0.233762215052106	-2.29678464333403	2.3185596484031	0.0226102812958009	0.0226102812958009
salmon	ADOScs	95	-0.221718332310191	-2.17428217135588	2.19275006143384	0.0308201068938029	0.0308201068938029
salmon	MSLelcStandard	91	0.171174042750925	1.63090793124129	1.63904365177576	0.104734585366546	0.104734585366546
salmon	Mat_BMI_PrePreg	95	-0.066754388897719	-0.644714802222593	0.645195161051477	0.52038927503895	0.52038927503895
salmon	PCB_11	95	-0.0376745009078511	-0.363491770689259	0.363577846357013	0.71699845937305	0.71699845937305
salmon	PCB_39	95	-0.0636632095927537	-0.614777224124576	0.61519371679028	0.539929269069675	0.539929269069675
salmon	PCB_153_168	95	0.122218805459017	1.1845572386355	1.18753823590319	0.238039621294174	0.238039621294174
salmon	PCB_129_138_163	95	0.101631534282715	0.983494562079966	0.985200281266864	0.327081918975189	0.327081918975189
salmon	PCB_180_193	95	0.169819956019912	1.65370545332508	1.66182214023024	0.0999158074944946	0.0999158074944946
salmon	PCB_198_199	95	0.157242084567738	1.5290740888943	1.53548909820335	0.12805896951868	0.12805896951868
salmon	Unclassified_PCBs_Total	95	0.13357505113121	1.29589540998858	1.29979903202064	0.19688237032964	0.19688237032964
salmon	PCB_118	95	0.066714404216139	0.644327478981409	0.644806972450701	0.520639717903489	0.520639717903489
salmon	PCB_156_157	95	0.145967209776924	1.41778395513618	1.42289683166195	0.158111899403541	0.158111899403541
salmon	PCB_169	95	0.149765130620719	1.45522852972227	1.46075762217671	0.14745228648486	0.14745228648486
salmon	DL_PCBs_Total	95	0.104288444078441	1.00939141444088	1.0112355061495	0.31452749120465	0.31452749120465
salmon	PCB_146	95	0.135954138783892	1.31926290087159	1.32338165837331	0.188952731933313	0.188952731933313
salmon	PCB_187	95	0.146683039000472	1.42483820126041	1.43002783210836	0.156060083019861	0.156060083019861
salmon	PCB_183	95	0.184038873385243	1.79526169912859	1.80564897346909	0.0742085572354994	0.0742085572354994
salmon	PCB_177	95	0.0885031479749291	0.855732398674478	0.856855840802037	0.393727138340815	0.393727138340815
salmon	PCB_170	95	0.207854661429857	2.03411680958697	2.04923359744638	0.0432560310404755	0.0432560310404755
salmon	PCB_196	95	0.22040686250886	2.16098499706195	2.17911556311962	0.0318498411753481	0.0318498411753481
salmon	PCB_203	95	0.161019290088223	1.5664465559622	1.57334395672856	0.119035207963175	0.119035207963175
salmon	PCB_194	95	0.119807659913031	1.16095940955681	1.16376569348759	0.24749601680211	0.24749601680211
salmon	NDL_PCBs_Totals	95	0.176264437862237	1.71777243072663	1.72687055015798	0.0875110568094676	0.0875110568094676
salmon	Total_PCBs	95	0.14678589287294	1.42585191434689	1.43105263777608	0.155766908368854	0.155766908368854
salmon	weight(g)	95	0.154810571715343	1.50504033215898	1.51115734079319	0.134138908759317	0.134138908759317
cyan	Sequencing_Platform	95	-0.114197987495337	-1.10611067549543	1.10853754945004	0.270488300461623	0.270488300461623
cyan	Insertion	51	0.0218848235781918	0.153218229232889	0.153230463962887	0.878845829805284	0.878845829805284
cyan	coi_id	95	0.01138503051526	0.109798002322555	0.109800374525997	0.9128042810085	0.9128042810085
cyan	mth_id	95	0.0113870075058364	0.109817070201219	0.109819443640775	0.912789199083849	0.912789199083849
cyan	Sex	95	-0.12057376638377	-1.16845576408922	1.1713167874574	0.244463754811128	0.244463754811128
cyan	Diagnosis	95	-0.037109291323775	-0.358033455142395	0.358115710948101	0.721068284467879	0.721068284467879
cyan	ADOScs	95	-0.0957627533509643	-0.926341179572064	0.9277663902639	0.355930380910817	0.355930380910817
cyan	MSLelcStandard	91	0.042856716948172	0.404557263697272	0.404681268551106	0.68668277391901	0.68668277391901
cyan	Mat_BMI_PrePreg	95	0.0664286462426998	0.641559461653684	0.642032801045309	0.522431331066866	0.522431331066866
cyan	PCB_11	95	0.149905997382407	1.45661819861246	1.46216315826307	0.147067577628567	0.147067577628567
cyan	PCB_39	95	0.0587197843500604	0.566925281828155	0.567251883437081	0.571909787078264	0.571909787078264
cyan	PCB_153_168	95	0.0941955530971239	0.911090063495011	0.9124460130955	0.363893249848087	0.363893249848087
cyan	PCB_129_138_163	95	0.129865913227431	1.25949416270939	1.26307780509397	0.209718750612663	0.209718750612663
cyan	PCB_180_193	95	-0.0283923327716742	-0.273879350990562	0.273916169074661	0.784756504871021	0.784756504871021
cyan	PCB_198_199	95	-0.0695265375886893	-0.671573160229494	0.672116099306964	0.503176156346715	0.503176156346715
cyan	Unclassified_PCBs_Total	95	0.0675840968973886	0.652752480525475	0.653251033005051	0.515206243630667	0.515206243630667
cyan	PCB_118	95	0.12028331804855	1.1656135611945	1.16845374734111	0.245610320143655	0.245610320143655
cyan	PCB_156_157	95	0.102800663314942	0.994888278554559	0.996653990484639	0.321518637345051	0.321518637345051
cyan	PCB_169	95	0.0105167028233967	0.101423148464784	0.101425018197241	0.9194314292357	0.9194314292357
cyan	DL_PCBs_Total	95	0.122772017680524	1.18997349586436	1.19299559212444	0.235905831154562	0.235905831154562
cyan	PCB_146	95	0.146765544241078	1.42565135865407	1.43084988624312	0.155824877453278	0.155824877453278
cyan	PCB_187	95	0.0121205196469886	0.116891782815147	0.116894645153296	0.907195611728917	0.907195611728917
cyan	PCB_183	95	0.0152556309135116	0.147131391549552	0.147137099587912	0.883342314594499	0.883342314594499
cyan	PCB_177	95	0.0911867713315634	0.881822947222532	0.883052342536128	0.379484945939147	0.379484945939147
cyan	PCB_170	95	-0.0190830873391192	-0.184052973746053	0.184064147580357	0.854363881879927	0.854363881879927
cyan	PCB_196	95	0.0164885354603784	0.159024089973714	0.159031297072298	0.873989068095982	0.873989068095982
cyan	PCB_203	95	-0.0633262910873189	-0.611514947552072	0.611924844180883	0.542080624307871	0.542080624307871
cyan	PCB_194	95	0.0331376676445663	0.319685144036826	0.319743698098791	0.749879819970813	0.749879819970813
cyan	NDL_PCBs_Totals	95	0.0173563244300605	0.167395141464087	0.167403547686761	0.86741601034685	0.86741601034685
cyan	Total_PCBs	95	0.060425261325867	0.583430886723004	0.583786856830645	0.560776983347888	0.560776983347888
cyan	weight(g)	95	-0.057689140824037	-0.556952328743101	0.557261993871159	0.578687204363924	0.578687204363924
lightyellow	Sequencing_Platform	95	0.0167177418702244	0.161235086044633	0.161242597957335	0.872252096212792	0.872252096212792
lightyellow	Insertion	51	0.0766622364604672	0.537690664834775	0.538219570574505	0.592862028953065	0.592862028953065
lightyellow	coi_id	95	-0.028365463435005	-0.273620023639172	0.273656737233966	0.784955274652596	0.784955274652596
lightyellow	mth_id	95	-0.0283677855781371	-0.273642435610692	0.273679158228001	0.784938095720009	0.784938095720009
lightyellow	Sex	95	-0.00855257178516621	-0.0824800264850098	0.0824810320583821	0.934441466518242	0.934441466518242
lightyellow	Diagnosis	95	0.0570603243824613	0.550868214332142	0.551167840539284	0.582840393993575	0.582840393993575
lightyellow	ADOScs	95	0.0853107669412222	0.824711871306052	0.825717485389919	0.411077565562496	0.411077565562496
lightyellow	MSLelcStandard	91	-0.0231091059983171	-0.218049690578068	0.218069105550026	0.827874491009227	0.827874491009227
lightyellow	Mat_BMI_PrePreg	95	0.123923512029936	1.20124966982432	1.20435853986269	0.231507193622093	0.231507193622093
lightyellow	PCB_11	95	-0.13101435104917	-1.27076099832457	1.27444173268078	0.205682168562615	0.205682168562615
lightyellow	PCB_39	95	-0.062193533665296	-0.600547832038934	0.600936065373197	0.549344419072342	0.549344419072342
lightyellow	PCB_153_168	95	0.13392711953434	1.29935247948666	1.3032874450767	0.195694031309388	0.195694031309388
lightyellow	PCB_129_138_163	95	0.178446136118754	1.73949526608054	1.74894331289477	0.0836001521862212	0.0836001521862212
lightyellow	PCB_180_193	95	0.0982078514160719	0.950144763754593	0.951682726894648	0.343724759061704	0.343724759061704
lightyellow	PCB_198_199	95	0.0749879700661065	0.724517872263251	0.725199638791098	0.470150393984539	0.470150393984539
lightyellow	Unclassified_PCBs_Total	95	0.128286349003324	1.24400330583058	1.2474562673296	0.215362388006068	0.215362388006068
lightyellow	PCB_118	95	0.0942046867868271	0.911178934217475	0.912535280766117	0.3638465268587	0.3638465268587
lightyellow	PCB_156_157	95	0.0724859096813233	0.700256952870429	0.700872487631963	0.485132519681435	0.485132519681435
lightyellow	PCB_169	95	-0.0371277125283252	-0.358211347903334	0.35829372638465	0.720935518181897	0.720935518181897
lightyellow	DL_PCBs_Total	95	0.0904428865876442	0.874589525764445	0.875788906901321	0.383401220805851	0.383401220805851
lightyellow	PCB_146	95	0.141568528420565	1.37446925232801	1.37912738636831	0.171163190507627	0.171163190507627
lightyellow	PCB_187	95	0.139464938860951	1.35377434098427	1.35822508429113	0.17767811624356	0.17767811624356
lightyellow	PCB_183	95	0.0737645213480661	0.712653728210019	0.713302541996258	0.477444701475567	0.477444701475567
lightyellow	PCB_177	95	0.146792602000965	1.4259180396417	1.43111948719786	0.15574779896687	0.15574779896687
lightyellow	PCB_170	95	0.0860976641712568	0.832356585836664	0.833390431778039	0.406759872631578	0.406759872631578
lightyellow	PCB_196	95	0.0590801921539787	0.570413028580041	0.570745695855763	0.569548569520969	0.569548569520969
lightyellow	PCB_203	95	0.0831831641625688	0.804047337546059	0.804979221009033	0.422884887079265	0.422884887079265
lightyellow	PCB_194	95	0.0612755014865508	0.591660779791012	0.592032029295	0.555265723010362	0.555265723010362
lightyellow	NDL_PCBs_Totals	95	0.107216083731115	1.03794388788833	1.03994900143933	0.301059725481547	0.301059725481547
lightyellow	Total_PCBs	95	0.122343300605802	1.18577605083365	1.1887662638213	0.237558267078238	0.237558267078238
lightyellow	weight(g)	95	-0.0755227525192691	-0.729704501397832	0.730401017567753	0.466981100336461	0.466981100336461
midnightblue	Sequencing_Platform	95	0.0312408714300204	0.301374125321116	0.301423182762887	0.763764761563496	0.763764761563496
midnightblue	Insertion	51	-0.245921594629095	-1.75747048121334	1.77599237829222	0.0819438551294923	0.0819438551294923
midnightblue	coi_id	95	0.0657279545745598	0.63477260188305	0.635231075557046	0.526837599865707	0.526837599865707
midnightblue	mth_id	95	0.06573884725246	0.634878102921901	0.635336805265871	0.526768959205416	0.526768959205416
midnightblue	Sex	95	0.051020801671397	0.492454396215749	0.492668448803095	0.623408042201223	0.623408042201223
midnightblue	Diagnosis	95	-0.197976804724747	-1.93476653552748	1.94777198884845	0.0544579891591596	0.0544579891591596
midnightblue	ADOScs	95	-0.166568917457049	-1.62144079425566	1.62909117293426	0.10667657714947	0.10667657714947
midnightblue	MSLelcStandard	91	0.175832956349909	1.67622430625433	1.68505796569669	0.0954809415536156	0.0954809415536156
midnightblue	Mat_BMI_PrePreg	95	-0.0371817754238993	-0.358733432311981	0.358816171529131	0.720545920992284	0.720545920992284
midnightblue	PCB_11	95	0.00889352600328788	0.0857683201333935	0.0857694508355766	0.931834074568631	0.931834074568631
midnightblue	PCB_39	95	0.0568660328351597	0.548988434983142	0.549285003987712	0.584126406212376	0.584126406212376
midnightblue	PCB_153_168	95	0.00699783144879006	0.0674857441751211	0.0674862949866079	0.946339450511032	0.946339450511032
midnightblue	PCB_129_138_163	95	0.0118374964537941	0.114162014251887	0.114164680703532	0.909353357340915	0.909353357340915
midnightblue	PCB_180_193	95	-0.0266132435964618	-0.256709444394643	0.256739762826051	0.797946798538885	0.797946798538885
midnightblue	PCB_198_199	95	-0.0140560102973896	-0.135560182477516	0.135564646912741	0.892458451588435	0.892458451588435
midnightblue	Unclassified_PCBs_Total	95	-0.00109129193270963	-0.0105240424550989	0.01052404454398	0.9916257253476	0.9916257253476
midnightblue	PCB_118	95	-0.0056398593196354	-0.0543894102976124	0.0543896986406985	0.956741356526685	0.956741356526685
midnightblue	PCB_156_157	95	0.00821298679969205	0.0792049573075893	0.0792058477879763	0.937039075394508	0.937039075394508
midnightblue	PCB_169	95	-0.0577329162701808	-0.557375894570281	0.5576862668215	0.578398587577169	0.578398587577169
midnightblue	DL_PCBs_Total	95	-0.00636841602076631	-0.0614156102859189	0.0614160254339642	0.951159685747903	0.951159685747903
midnightblue	PCB_146	95	0.0221786172954326	0.213917918931845	0.213935462502115	0.831065729908433	0.831065729908433
midnightblue	PCB_187	95	-0.0403316799307718	-0.389155733462013	0.389261359614717	0.697972716115526	0.697972716115526
midnightblue	PCB_183	95	0.0340495629075341	0.328489079610432	0.328552605946082	0.743232524072915	0.743232524072915
midnightblue	PCB_177	95	-0.0945800151790831	-0.914831009884634	0.916203735835745	0.361929743930166	0.361929743930166
midnightblue	PCB_170	95	-0.0379942424291379	-0.366579666417268	0.36666795454209	0.714699629105364	0.714699629105364
midnightblue	PCB_196	95	-0.00255216035550362	-0.0246121965919869	0.024612223310794	0.980417003039836	0.980417003039836
midnightblue	PCB_203	95	0.00403870775746469	0.0389480989025189	0.0389482047852046	0.969015171241289	0.969015171241289
midnightblue	PCB_194	95	-0.0613352286070164	-0.592238940209845	0.592611279249991	0.554879552317317	0.554879552317317
midnightblue	NDL_PCBs_Totals	95	-0.0287511591333186	-0.277342574327279	0.277380806888111	0.782103363690425	0.782103363690425
midnightblue	Total_PCBs	95	-0.00951482315188118	-0.0917604006761097	0.0917617853058992	0.927084674871075	0.927084674871075
midnightblue	weight(g)	95	0.172694564841021	1.68226481792453	1.69080977035127	0.0942221148497756	0.0942221148497756
black	Sequencing_Platform	95	0.0351802779435557	0.339406382729848	0.339476456053032	0.735016259369734	0.735016259369734
black	Insertion	51	0.000116440319557628	0.000815082240587036	0.000815082242428978	0.99935296792603	0.99935296792603
black	coi_id	95	0.0554959938225772	0.535734421391396	0.536010022822733	0.593231329678442	0.593231329678442
black	mth_id	95	0.0555040916379007	0.535812755182333	0.536088477537115	0.593177326295091	0.593177326295091
black	Sex	95	0.0213974155343077	0.206380703540393	0.206396457256393	0.836932424943528	0.836932424943528
black	Diagnosis	95	-0.0446292409420353	-0.430674900395923	0.430818072298107	0.667597528928523	0.667597528928523
black	ADOScs	95	-0.015988634474999	-0.154201947796524	0.154208518939726	0.877779479514379	0.877779479514379
black	MSLelcStandard	91	0.0408602372677574	0.385689446842875	0.385796897309334	0.700567736989705	0.700567736989705
black	Mat_BMI_PrePreg	95	0.102970932789882	0.996547865446519	0.998322431503145	0.320713513919388	0.320713513919388
black	PCB_11	95	0.0609655047338611	0.588660069545664	0.589025698383979	0.557272105245991	0.557272105245991
black	PCB_39	95	-0.0794790445672814	-0.76808819892262	0.768900537032896	0.443900668463972	0.443900668463972
black	PCB_153_168	95	0.0278762414749915	0.268898404044318	0.26893324959705	0.788576764902612	0.788576764902612
black	PCB_129_138_163	95	0.0440845279144465	0.425411522190382	0.42554950843736	0.671419293404637	0.671419293404637
black	PCB_180_193	95	0.0286261022382292	0.2761355758992	0.276173311449921	0.7830277456722	0.7830277456722
black	PCB_198_199	95	0.0291587785110693	0.281276811730537	0.281316694569618	0.779092474348025	0.779092474348025
black	Unclassified_PCBs_Total	95	0.0347968398540416	0.335704107337757	0.335771912393838	0.7377991981409	0.7377991981409
black	PCB_118	95	-0.0290015895642841	-0.279759653425421	0.279798894357927	0.78025317031381	0.78025317031381
black	PCB_156_157	95	0.092083938759042	0.890548183313936	0.891814444345548	0.374794027716015	0.374794027716015
black	PCB_169	95	-0.151840364380083	-1.47570707968045	1.48147308112339	0.141860896272066	0.141860896272066
black	DL_PCBs_Total	95	-0.00760260284748225	-0.0733182593453783	0.0733189656686146	0.941709763601107	0.941709763601107
black	PCB_146	95	0.0239972060664713	0.231465112324694	0.231487336974875	0.81744478322767	0.81744478322767
black	PCB_187	95	0.00963205766836683	0.0928910730385095	0.0928925094860002	0.926188777142459	0.926188777142459
black	PCB_183	95	0.0346865007481815	0.334638749665177	0.334705911203469	0.738600652247742	0.738600652247742
black	PCB_177	95	0.0431960717470007	0.416827212015378	0.416957011975681	0.677670731616229	0.677670731616229
black	PCB_170	95	0.00471277481290464	0.0454486908883903	0.0454488591288395	0.963846985700875	0.963846985700875
black	PCB_196	95	0.0057041438584493	0.0550093678845075	0.0550096662004553	0.95624876731975	0.95624876731975
black	PCB_203	95	0.0398443789881122	0.3844488089983	0.384550648407395	0.701448313971653	0.701448313971653
black	PCB_194	95	-0.0618550795839322	-0.597271294158766	0.597653206789632	0.551523877500408	0.551523877500408
black	NDL_PCBs_Totals	95	0.00744281937250683	0.0717772761059953	0.0717779388227082	0.942932766887716	0.942932766887716
black	Total_PCBs	95	0.0239594322195991	0.231100624971944	0.231122744794112	0.817727167569154	0.817727167569154
black	weight(g)	95	-0.116135972241232	-1.12505114547102	1.12760489402977	0.262387623427693	0.262387623427693
yellow	Sequencing_Platform	95	0.0250836219497013	0.24194844211319	0.241973825406001	0.809333222236671	0.809333222236671
yellow	Insertion	51	0.0992151176315804	0.696798199592034	0.697949500618706	0.488507766875453	0.488507766875453
yellow	coi_id	95	0.15398233753848	1.49685807979374	1.50287578379087	0.136259268603515	0.136259268603515
yellow	mth_id	95	0.153985805691148	1.49689233774026	1.50291045525247	0.136250337041471	0.136250337041471
yellow	Sex	95	-0.0547922052880213	-0.528926628645711	0.529191855454087	0.597933250444021	0.597933250444021
yellow	Diagnosis	95	0.126059124857524	1.22217164297412	1.22544588795529	0.223501674142581	0.223501674142581
yellow	ADOScs	95	0.128866525459558	1.24969237626935	1.25319295464937	0.213277094900135	0.213277094900135
yellow	MSLelcStandard	91	-0.230003410392266	-2.20937298138461	2.22962446082615	0.0282889039682375	0.0282889039682375
yellow	Mat_BMI_PrePreg	95	0.0860919123630896	0.832300703187796	0.83333434086081	0.406791335817794	0.406791335817794
yellow	PCB_11	95	0.0464550399916852	0.448318868850466	0.448480369317994	0.654849728559586	0.654849728559586
yellow	PCB_39	95	-0.0915138271275794	-0.885003500454021	0.886246250084211	0.377770807379345	0.377770807379345
yellow	PCB_153_168	95	-0.188585172966226	-1.84068132790077	1.85187809596309	0.0672160080922211	0.0672160080922211
yellow	PCB_129_138_163	95	-0.185825525720471	-1.81310168164555	1.82380207681889	0.0713938373680676	0.0713938373680676
yellow	PCB_180_193	95	-0.1855014402435	-1.80986473385953	1.82050785363556	0.0718979153039233	0.0718979153039233
yellow	PCB_198_199	95	-0.158570971477146	-1.54221712699154	1.548799124205	0.124826429074462	0.124826429074462
yellow	Unclassified_PCBs_Total	95	-0.191150408866815	-1.86634474366562	1.87801699624213	0.0635121679727796	0.0635121679727796
yellow	PCB_118	95	-0.132556207840329	-1.28589293168401	1.28970680535371	0.200350546162323	0.200350546162323
yellow	PCB_156_157	95	-0.151641793112227	-1.47374699609469	1.47949003440311	0.142388879838006	0.142388879838006
yellow	PCB_169	95	-0.206640073084918	-2.02187807012958	2.03672323920522	0.0445206101064361	0.0445206101064361
yellow	DL_PCBs_Total	95	-0.160947287097124	-1.56573371042855	1.57262169077537	0.119202513002172	0.119202513002172
yellow	PCB_146	95	-0.253079906923201	-2.49481976359939	2.52274111882662	0.0133427393170511	0.0133427393170511
yellow	PCB_187	95	-0.224263765496837	-2.20011394190454	2.21924907410418	0.0289016147522695	0.0289016147522695
yellow	PCB_183	95	-0.151589913229352	-1.47323491318484	1.47897196231768	0.142527068130524	0.142527068130524
yellow	PCB_177	95	-0.255098841944602	-2.51563343698158	2.544261066505	0.0125990891686794	0.0125990891686794
yellow	PCB_170	95	-0.211193682146217	-2.0677957129021	2.08367704753743	0.0399326079727516	0.0399326079727516
yellow	PCB_196	95	-0.175303526387217	-1.70821026419379	1.717157133255	0.0892790117815138	0.0892790117815138
yellow	PCB_203	95	-0.159871608765737	-1.55508627185902	1.56183456434057	0.121723580730295	0.121723580730295
yellow	PCB_194	95	-0.09229290113576	-0.892580616554925	0.893855569557803	0.373706534167365	0.373706534167365
yellow	NDL_PCBs_Totals	95	-0.206098041916827	-2.01641839292693	2.03114345269085	0.0450947720518833	0.0450947720518833
yellow	Total_PCBs	95	-0.198003321626503	-1.93503268848039	1.94804351696457	0.0544250026173192	0.0544250026173192
yellow	weight(g)	95	-0.089853427812344	-0.86885841607283	0.870034366738576	0.386521724234759	0.386521724234759
turquoise	Sequencing_Platform	95	0.0481896968162212	0.465084843531866	0.465265150647543	0.642829229317024	0.642829229317024
turquoise	Insertion	51	0.0229781990554986	0.160875711374395	0.160889873732769	0.87284164336905	0.87284164336905
turquoise	coi_id	95	0.0461491015944322	0.445362166950447	0.445520492891347	0.656979036760374	0.656979036760374
turquoise	mth_id	95	0.0461625362735656	0.445492002901365	0.445650467362261	0.656885474708457	0.656885474708457
turquoise	Sex	95	0.0553510456958135	0.534332285241027	0.534605728179585	0.594198346282546	0.594198346282546
turquoise	Diagnosis	95	0.0102154756076294	0.0985179061890899	0.0985196198053987	0.921731730276515	0.921731730276515
turquoise	ADOScs	95	0.0481324318548315	0.464531316343492	0.464710980390315	0.643224610338731	0.643224610338731
turquoise	MSLelcStandard	91	0.0104621525568647	0.0987033511728779	0.0987051519369376	0.921594352169086	0.921594352169086
turquoise	Mat_BMI_PrePreg	95	0.0892552979751621	0.863043626112413	0.864196118227464	0.389703667304112	0.389703667304112
turquoise	PCB_11	95	0.0349475908725838	0.3371596675804	0.337228358478484	0.736704663168543	0.736704663168543
turquoise	PCB_39	95	-0.145543752746166	-1.41361164401908	1.41867948193553	0.15933509891617	0.15933509891617
turquoise	PCB_153_168	95	-0.0196527602039183	-0.189548761611591	0.189560966590809	0.850066288967844	0.850066288967844
turquoise	PCB_129_138_163	95	-0.0101288532183898	-0.0976824636729744	0.0976841340628249	0.922393336335696	0.922393336335696
turquoise	PCB_180_193	95	-0.0183670775952549	-0.177145603616942	0.177155566023564	0.859771455441958	0.859771455441958
turquoise	PCB_198_199	95	-0.0754161740028512	-0.728670807859729	0.729364367621076	0.46761178737534	0.46761178737534
turquoise	Unclassified_PCBs_Total	95	-0.0235558461786995	-0.227206384079967	0.227227404405853	0.820745684119678	0.820745684119678
turquoise	PCB_118	95	-0.0851201252929628	-0.822859941718255	0.823858794902361	0.412127627181724	0.412127627181724
turquoise	PCB_156_157	95	-0.0307243019505814	-0.296387723005617	0.296434385391752	0.767559352066128	0.767559352066128
turquoise	PCB_169	95	-0.0240754931682035	-0.232220522228404	0.232242965190944	0.816859609912926	0.816859609912926
turquoise	DL_PCBs_Total	95	-0.0761728030367161	-0.736009634500394	0.736724365770214	0.46314444040135	0.46314444040135
turquoise	PCB_146	95	-0.0321433918350155	-0.310086468105807	0.310139904444689	0.757148498533579	0.757148498533579
turquoise	PCB_187	95	-0.0267809108461321	-0.258327522057177	0.25835841742834	0.796701213541201	0.796701213541201
turquoise	PCB_183	95	0.0108291291298093	0.104436421922295	0.104438463304385	0.917046307898196	0.917046307898196
turquoise	PCB_177	95	-0.0117408625704001	-0.113229981289659	0.113232582965003	0.910090237617786	0.910090237617786
turquoise	PCB_170	95	-0.0380609355775182	-0.36722376327551	0.3673125176196	0.714220448570647	0.714220448570647
turquoise	PCB_196	95	-0.129391747883624	-1.25484332669278	1.25838739409859	0.211401719757327	0.211401719757327
turquoise	PCB_203	95	0.00974749557583612	0.0940044204381195	0.0940059091569889	0.925306698923977	0.925306698923977
turquoise	PCB_194	95	0.0184979494626992	0.17840811515065	0.178418292086758	0.858782571131388	0.858782571131388
turquoise	NDL_PCBs_Totals	95	-0.0246503924556105	-0.23776794302021	0.237792033136865	0.812565501265178	0.812565501265178
turquoise	Total_PCBs	95	-0.02953784825053	-0.284935579338436	0.284977038909456	0.776295389967702	0.776295389967702
turquoise	weight(g)	95	-0.0720186421013925	-0.695727140037665	0.696330804562663	0.48795839073147	0.48795839073147
greenyellow	Sequencing_Platform	95	-0.028057908591466	-0.270651709635935	0.270687241273961	0.787231435652591	0.787231435652591
greenyellow	Insertion	51	-0.200268640749469	-1.42108682686405	1.43086841602695	0.158814840412893	0.158814840412893
greenyellow	coi_id	95	-0.0496418451322122	-0.479122445744806	0.479319578572648	0.632836504364696	0.632836504364696
greenyellow	mth_id	95	-0.049624003057907	-0.478949958100604	0.479146878079737	0.632958887361497	0.632958887361497
greenyellow	Sex	95	0.132483161951409	1.28517591070114	1.28898340424317	0.200600871630638	0.200600871630638
greenyellow	Diagnosis	95	-0.16630297216537	-1.61880304256548	1.62641611017749	0.107245038337487	0.107245038337487
greenyellow	ADOScs	95	-0.140675160703742	-1.3656788615039	1.37024813372804	0.173908164028957	0.173908164028957
greenyellow	MSLelcStandard	91	0.105045964323724	0.994671091175942	0.996514996506284	0.321701658140234	0.321701658140234
greenyellow	Mat_BMI_PrePreg	95	0.0474405336867936	0.457843620104584	0.4580156350754	0.648009591514213	0.648009591514213
greenyellow	PCB_11	95	-0.0963971071690433	-0.932515665324861	0.933969574403797	0.352738232029428	0.352738232029428
greenyellow	PCB_39	95	-0.075298355604249	-0.727528119364042	0.728218420738019	0.468309527433916	0.468309527433916
greenyellow	PCB_153_168	95	-0.0930094421957657	-0.899550519922648	0.90085558273663	0.3699920823455	0.3699920823455
greenyellow	PCB_129_138_163	95	-0.0934310963746516	-0.903652451490284	0.904975454276613	0.367816869589695	0.367816869589695
greenyellow	PCB_180_193	95	-0.0638045149418891	-0.616145481432914	0.616564761528739	0.539028232592309	0.539028232592309
greenyellow	PCB_198_199	95	-0.0535397819005282	-0.516813152898729	0.517060569501433	0.606341430861108	0.606341430861108
greenyellow	Unclassified_PCBs_Total	95	-0.0912887522274297	-0.882814670800965	0.884048219782214	0.378949947658018	0.378949947658018
greenyellow	PCB_118	95	-0.0528278963053897	-0.50992850316882	0.510166162231227	0.611143758484674	0.611143758484674
greenyellow	PCB_156_157	95	-0.0955816089670253	-0.924578149079848	0.925995235297265	0.35684520142374	0.35684520142374
greenyellow	PCB_169	95	-0.0668148985812322	-0.645300950811514	0.645782621196101	0.520010390629578	0.520010390629578
greenyellow	DL_PCBs_Total	95	-0.0729760670829641	-0.705008997114758	0.705637150685069	0.482177614721342	0.482177614721342
greenyellow	PCB_146	95	-0.0561638102590269	-0.54219474681203	0.542480440311015	0.588785203817011	0.588785203817011
greenyellow	PCB_187	95	-0.0788896228027344	-0.762368155524734	0.763162475983639	0.447298087440122	0.447298087440122
greenyellow	PCB_183	95	-0.0701660667674861	-0.677770791678415	0.678328903996091	0.499247564194565	0.499247564194565
greenyellow	PCB_177	95	-0.0705122011583574	-0.681125388074726	0.681691829921024	0.497127984943242	0.497127984943242
greenyellow	PCB_170	95	-0.0558731062581081	-0.539382473829378	0.53966374435434	0.590718765541673	0.590718765541673
greenyellow	PCB_196	95	-0.0304894393738006	-0.294120666593545	0.294166266360637	0.769286414370484	0.769286414370484
greenyellow	PCB_203	95	0.0158084562696118	0.152463932797141	0.152470284242747	0.879146329840914	0.879146329840914
greenyellow	PCB_194	95	-0.0274272214402882	-0.264564898094171	0.264598085920702	0.791904621230605	0.791904621230605
greenyellow	NDL_PCBs_Totals	95	-0.052219210877012	-0.504042314923586	0.504271837871877	0.615263004507132	0.615263004507132
greenyellow	Total_PCBs	95	-0.0810093381497991	-0.782941460856144	0.783801853731023	0.435148090093379	0.435148090093379
greenyellow	weight(g)	95	0.0809935420343607	0.782788122547052	0.783648009888665	0.435237933167002	0.435237933167002
pink	Sequencing_Platform	95	0.112291080250483	1.08748222475794	1.08978848562148	0.278622070530874	0.278622070530874
pink	Insertion	51	0.0725114031731011	0.508472241182933	0.508919510380757	0.613092719180944	0.613092719180944
pink	coi_id	95	-0.00643048121057357	-0.062014169813801	0.0620145972187059	0.950684292599164	0.950684292599164
pink	mth_id	95	-0.00643038315572029	-0.0620132241679375	0.0620136515532906	0.950685043644366	0.950685043644366
pink	Sex	95	-0.0162406607383525	-0.156633032384371	0.156639919249804	0.875868184554614	0.875868184554614
pink	Diagnosis	95	-0.0187895231002147	-0.181220927204172	0.181231593128877	0.856580189735463	0.856580189735463
pink	ADOScs	95	0.112324620451505	1.08780980654967	1.09011815306723	0.278477607865984	0.278477607865984
pink	MSLelcStandard	91	-0.0652592847862968	-0.616531079784413	0.616970031153365	0.538829660953918	0.538829660953918
pink	Mat_BMI_PrePreg	95	-0.023840280104545	-0.229950906862989	0.229972698182447	0.818618060283139	0.818618060283139
pink	PCB_11	95	0.0651596754569708	0.629268743953408	0.629715393338573	0.530424853148567	0.530424853148567
pink	PCB_39	95	0.00107591485889173	0.0103757511513469	0.0103757531531651	0.991743720617006	0.991743720617006
pink	PCB_153_168	95	0.00980577162111737	0.0945664679886485	0.0945679835704968	0.924861437237789	0.924861437237789
pink	PCB_129_138_163	95	0.0229080815180027	0.220956194319554	0.220975527163438	0.825595917646963	0.825595917646963
pink	PCB_180_193	95	0.0383202937588372	0.369728576339867	0.369819159355463	0.712358053044055	0.712358053044055
pink	PCB_198_199	95	0.062587936777079	0.604366181279208	0.604761868066508	0.546809963035547	0.546809963035547
pink	Unclassified_PCBs_Total	95	0.0299564112294905	0.288975629595256	0.289018877886703	0.773210205810187	0.773210205810187
pink	PCB_118	95	0.0794607752945541	0.767910896690452	0.768722672261635	0.444005754129658	0.444005754129658
pink	PCB_156_157	95	0.116609817598114	1.12968347877061	1.13226891664693	0.260432320535728	0.260432320535728
pink	PCB_169	95	0.0663230342167278	0.64053646910645	0.641007547497965	0.523094273313872	0.523094273313872
pink	DL_PCBs_Total	95	0.0994534038897812	0.962274919658058	0.963872561791986	0.337609463344692	0.337609463344692
pink	PCB_146	95	0.0340762735359474	0.328746966804444	0.328810642881407	0.743038096770779	0.743038096770779
pink	PCB_187	95	-0.0140712240310025	-0.135706927435251	0.135711406384631	0.892342749498503	0.892342749498503
pink	PCB_183	95	0.00290768842262703	0.0280408106948741	0.0280408502076627	0.977689655271435	0.977689655271435
pink	PCB_177	95	0.0436056317116185	0.420784319076696	0.420917851208988	0.674786202621061	0.674786202621061
pink	PCB_170	95	0.0553656041342217	0.534473113310497	0.534746772533212	0.594101188118562	0.594101188118562
pink	PCB_196	95	0.0465364851998116	0.449105999657642	0.44926835233912	0.654283340290414	0.654283340290414
pink	PCB_203	95	0.0722175197650904	0.697655073995458	0.69826377177505	0.48675458142519	0.48675458142519
pink	PCB_194	95	0.104497384305949	1.01142856161921	1.0132838451843	0.313553606175966	0.313553606175966
pink	NDL_PCBs_Totals	95	0.0461902333484392	0.445759674563746	0.44591842485442	0.656692602905355	0.656692602905355
pink	Total_PCBs	95	0.0420434472761913	0.405691475477769	0.405811147292584	0.685813532288747	0.685813532288747
pink	weight(g)	95	0.0164203693041649	0.15836654133858	0.158373659403637	0.874505760486097	0.874505760486097
blue	Sequencing_Platform	95	-0.0205311383780679	-0.198022955421918	0.198036871651047	0.843448456095847	0.843448456095847
blue	Insertion	51	0.0988131846202364	0.693956812071856	0.695094081621348	0.490279611133946	0.490279611133946
blue	coi_id	95	-0.0376148614838958	-0.362915812710139	0.363001479842179	0.7174275260412	0.7174275260412
blue	mth_id	95	-0.0376039961361014	-0.36281088267031	0.362896475513378	0.717505704566081	0.717505704566081
blue	Sex	95	0.0379033331251325	0.3657017044757	0.365789359735486	0.715352977386195	0.715352977386195
blue	Diagnosis	95	-0.202739347613718	-1.98261577045612	1.99661161870368	0.0487910450350365	0.0487910450350365
blue	ADOScs	95	-0.276572485742222	-2.73847696705064	2.77542947540654	0.00666474682427368	0.00666474682427368
blue	MSLelcStandard	91	0.0302378000836453	0.285349824128783	0.285393336368357	0.776005938173127	0.776005938173127
blue	Mat_BMI_PrePreg	95	-0.185543197876219	-1.81028178414424	1.82093227179812	0.0718328055659122	0.0718328055659122
blue	PCB_11	95	-0.0390584243708368	-0.376857521582955	0.376953446299556	0.707066956339057	0.707066956339057
blue	PCB_39	95	0.093169779004774	0.901110268390558	0.902422133585934	0.369164018425188	0.369164018425188
blue	PCB_153_168	95	0.11917903834779	1.15480938844307	1.15757128936228	0.250003383075836	0.250003383075836
blue	PCB_129_138_163	95	0.128027010879466	1.24146057740594	1.24489239705308	0.216299169526914	0.216299169526914
blue	PCB_180_193	95	0.0559169204334811	0.539806326658392	0.540088260850527	0.590427160101201	0.590427160101201
blue	PCB_198_199	95	0.0535507206386657	0.516918945586666	0.517166514175055	0.606267768602188	0.606267768602188
blue	Unclassified_PCBs_Total	95	0.102329695802642	0.990298145823726	0.992039522322119	0.323752374796475	0.323752374796475
blue	PCB_118	95	-0.0118211583771442	-0.114004433495819	0.114007088920933	0.909477937735939	0.909477937735939
blue	PCB_156_157	95	0.134730374180348	1.30724113173566	1.3112482477306	0.193002180150612	0.193002180150612
blue	PCB_169	95	-0.143255437680249	-1.39107398378753	1.3959031071711	0.166067230593327	0.166067230593327
blue	DL_PCBs_Total	95	0.0184294674298289	0.177747473123485	0.177757537421412	0.859300002911595	0.859300002911595
blue	PCB_146	95	0.0658211388229802	0.635675142886923	0.636135575246444	0.526250540661864	0.526250540661864
blue	PCB_187	95	0.0361016087879101	0.348302677017269	0.348378406425689	0.728343409773085	0.728343409773085
blue	PCB_183	95	0.0611734407881583	0.590672838825071	0.591042231490127	0.555925903771395	0.555925903771395
blue	PCB_177	95	0.00887283176221232	0.0855687363503593	0.0855698591774093	0.931992310180812	0.931992310180812
blue	PCB_170	95	0.0568541497389201	0.548873466853037	0.549169849555734	0.584205102358238	0.584205102358238
blue	PCB_196	95	-0.0121474887470858	-0.117151901696198	0.117154783185648	0.90699003642733	0.90699003642733
blue	PCB_203	95	0.0944845828977986	0.913902395866828	0.915270944587183	0.362416520540323	0.362416520540323
blue	PCB_194	95	0.0634016793013043	0.612244895898276	0.612656262324011	0.541598876269457	0.541598876269457
blue	NDL_PCBs_Totals	95	0.0557318161169552	0.538015664923517	0.53829480240127	0.591659566468594	0.591659566468594
blue	Total_PCBs	95	0.0839885568180184	0.811868909640261	0.812828260420032	0.418392482083402	0.418392482083402
blue	weight(g)	95	0.128896193896253	1.24998332102162	1.25348634628202	0.213170846116388	0.213170846116388
brown	Sequencing_Platform	95	0.024727592185791	0.238512884333536	0.23853720159235	0.811989290561055	0.811989290561055
brown	Insertion	51	0.0851204918911045	0.597288792679282	0.598013835846371	0.552584838019109	0.552584838019109
brown	coi_id	95	0.0555476071460662	0.536233701373437	0.536510074146427	0.592887164408675	0.592887164408675
brown	mth_id	95	0.0555492340010268	0.536249438754203	0.536525835863371	0.59287631776307	0.59287631776307
brown	Sex	95	-0.108683241633132	-1.05225947033423	1.0543487321178	0.294454792097023	0.294454792097023
brown	Diagnosis	95	0.0572258707874368	0.552469916140905	0.552772163817019	0.581745671729412	0.581745671729412
brown	ADOScs	95	0.0833193099726923	0.805369443403154	0.806305932425928	0.422123532763774	0.422123532763774
brown	MSLelcStandard	91	-0.239053171796111	-2.29971833211886	2.32256237470979	0.0224838827497049	0.0224838827497049
brown	Mat_BMI_PrePreg	95	-0.0385132088161528	-0.371591731516536	0.371683690924534	0.710973864309398	0.710973864309398
brown	PCB_11	95	0.00261011412592953	0.0251710862378869	0.0251711148185183	0.979972408483371	0.979972408483371
brown	PCB_39	95	0.0590774762663448	0.570386745773085	0.570719367060833	0.569566345575029	0.569566345575029
brown	PCB_153_168	95	-0.201713793185872	-1.97230397369051	1.98608227200683	0.0499683144121769	0.0499683144121769
brown	PCB_129_138_163	95	-0.197479652676522	-1.92977710567286	1.94268206799866	0.0550794806630723	0.0550794806630723
brown	PCB_180_193	95	-0.133402870563472	-1.29420483586909	1.29809319113476	0.197465421574603	0.197465421574603
brown	PCB_198_199	95	-0.0383914628161186	-0.37041591707097	0.370507006243965	0.711847297690607	0.711847297690607
brown	Unclassified_PCBs_Total	95	-0.172406638234402	-1.67940294570966	1.68790431824484	0.0947806099779054	0.0947806099779054
brown	PCB_118	95	-0.0920804846936915	-0.890514588660431	0.891780706353074	0.374812019705981	0.374812019705981
brown	PCB_156_157	95	-0.116820869107597	-1.13174689465251	1.13434653218661	0.259564626120454	0.259564626120454
brown	PCB_169	95	-0.0298266431103048	-0.287723072007696	0.287765760340756	0.774166338591763	0.774166338591763
brown	DL_PCBs_Total	95	-0.106484229390788	-1.03080463131101	1.03276863807678	0.304390440177082	0.304390440177082
brown	PCB_146	95	-0.192283668296152	-1.87769052210792	1.88957721474105	0.061929598589454	0.061929598589454
brown	PCB_187	95	-0.148486696119838	-1.44261934210285	1.44800584591647	0.150978373843506	0.150978373843506
brown	PCB_183	95	-0.172587731162055	-1.6812029008311	1.68973166528181	0.0944290379477065	0.0944290379477065
brown	PCB_177	95	-0.207068825620113	-2.02619763892634	2.04113829814611	0.0440707514254102	0.0440707514254102
brown	PCB_170	95	-0.161808485805385	-1.57426088220908	1.58126211562077	0.117213292410552	0.117213292410552
brown	PCB_196	95	-0.114731132256229	-1.11132039596786	1.11378173830155	0.268243153095453	0.268243153095453
brown	PCB_203	95	-0.0823662755253456	-0.796115200101589	0.797019768756436	0.427469673927324	0.427469673927324
brown	PCB_194	95	-0.0269547177563825	-0.26000486604386	0.260036367165198	0.795410555131159	0.795410555131159
brown	NDL_PCBs_Totals	95	-0.144493733233878	-1.40326809211386	1.40822541860776	0.16239855249292	0.16239855249292
brown	Total_PCBs	95	-0.16310419579087	-1.58709497702142	1.59426899843711	0.114268852257938	0.114268852257938
brown	weight(g)	95	-0.0975618119199475	-0.943854312667544	0.945361921596467	0.346923853889034	0.346923853889034
lightgreen	Sequencing_Platform	95	-0.0263743668983168	-0.254404182818638	0.254433691761782	0.799722265830297	0.799722265830297
lightgreen	Insertion	51	0.137857071005908	0.97118329814147	0.974302002879679	0.334692117473892	0.334692117473892
lightgreen	coi_id	95	-0.119579055431798	-1.15872278476226	1.16151287295476	0.248405833778859	0.248405833778859
lightgreen	mth_id	95	-0.119565568461197	-1.15859083456503	1.16137996923906	0.248459582024618	0.248459582024618
lightgreen	Sex	95	0.0846016559194426	0.817823736452352	0.818804357253284	0.414991279131884	0.414991279131884
lightgreen	Diagnosis	95	-0.251663995463225	-2.480236364846	2.50766986623359	0.0138867768006894	0.0138867768006894
lightgreen	ADOScs	95	-0.285036695389725	-2.82709087352397	2.86775871146861	0.00511431540521947	0.00511431540521947
lightgreen	MSLelcStandard	91	0.167813871385935	1.59827048861418	1.60592703321601	0.111832457622475	0.111832457622475
lightgreen	Mat_BMI_PrePreg	95	-0.152891610147761	-1.48608587561218	1.49197449061161	0.13909034535943	0.13909034535943
lightgreen	PCB_11	95	-0.0369504511838488	-0.356499552998825	0.356580756068108	0.722213428322717	0.722213428322717
lightgreen	PCB_39	95	-0.0686285975814341	-0.662872221439741	0.663394326443847	0.508719146081651	0.508719146081651
lightgreen	PCB_153_168	95	-0.0215871539997619	-0.208211320638208	0.208227497301268	0.835506687261211	0.835506687261211
lightgreen	PCB_129_138_163	95	-0.00256646735087796	-0.0247501691625512	0.0247501963332276	0.980307245818524	0.980307245818524
lightgreen	PCB_180_193	95	-0.0293763785825639	-0.28337706989648	0.283417852849329	0.777486497704044	0.777486497704044
lightgreen	PCB_198_199	95	0.00793807881008162	0.0765536677458694	0.0765544717627716	0.939142430678611	0.939142430678611
lightgreen	Unclassified_PCBs_Total	95	-0.0205199393605348	-0.197914910488875	0.197928803951266	0.843532763799187	0.843532763799187
lightgreen	PCB_118	95	0.0985528397824477	0.95350422631591	0.95505856605064	0.342024041730699	0.342024041730699
lightgreen	PCB_156_157	95	0.0614696038596245	0.593539712464238	0.593914510583766	0.554011210337112	0.554011210337112
lightgreen	PCB_169	95	-0.0389860148938807	-0.376158164941224	0.376253556581854	0.707585394243294	0.707585394243294
lightgreen	DL_PCBs_Total	95	0.0905175168687477	0.875315174778719	0.876517544602266	0.38300722504537	0.38300722504537
lightgreen	PCB_146	95	0.015460611506919	0.149108619184496	0.149114560453792	0.881786114970984	0.881786114970984
lightgreen	PCB_187	95	-0.0447669213438807	-0.432005300140278	0.432149803053402	0.666632884984394	0.666632884984394
lightgreen	PCB_183	95	-0.0174715101658183	-0.168506289423137	0.168514864159516	0.866544204779473	0.866544204779473
lightgreen	PCB_177	95	0.0112491795241137	0.108487734991456	0.108490023278362	0.913840725073973	0.913840725073973
lightgreen	PCB_170	95	-0.0325572350264688	-0.314081608456542	0.314137137009144	0.754120478620418	0.754120478620418
lightgreen	PCB_196	95	-0.0374996011688774	-0.361802712405496	0.361887593666052	0.718256997147097	0.718256997147097
lightgreen	PCB_203	95	0.0534672020771481	0.516111209028315	0.516357618768081	0.606830288376172	0.606830288376172
lightgreen	PCB_194	95	0.0594679644469785	0.574165754083379	0.574505031249424	0.567013196020256	0.567013196020256
lightgreen	NDL_PCBs_Totals	95	-0.00455585224194306	-0.0439353519126426	0.0439355039003902	0.965050011880743	0.965050011880743
lightgreen	Total_PCBs	95	-0.00600557902611921	-0.0579164030420413	0.0579167511959928	0.953939200756179	0.953939200756179
lightgreen	weight(g)	95	-0.0983381529382726	-0.951413600021697	0.952957734847296	0.343081777673804	0.343081777673804
grey	Sequencing_Platform	95	0.0923517927301739	0.893153428841645	0.894430838720175	0.373400394625429	0.373400394625429
grey	Insertion	51	0.0479147932103508	0.335660582846769	0.335789231022513	0.738463409967119	0.738463409967119
grey	coi_id	95	0.0578675361976882	0.558678473881758	0.558991027472751	0.577511439612677	0.577511439612677
grey	mth_id	95	0.0578735572073539	0.558736733507701	0.559049384900163	0.577471775770402	0.577471775770402
grey	Sex	95	0.21340508970878	2.0901283195111	2.10653061505662	0.0378510259453644	0.0378510259453644
grey	Diagnosis	95	-0.0192576407015232	-0.185736924273145	0.18574840762322	0.853046599348545	0.853046599348545
grey	ADOScs	95	-0.0408134355374028	-0.393809276723638	0.393918737831466	0.694542784076754	0.694542784076754
grey	MSLelcStandard	91	-0.077268546289566	-0.730405941467437	0.731135872450816	0.466616742107547	0.466616742107547
grey	Mat_BMI_PrePreg	95	0.168052581481109	1.63616079014143	1.64402162702067	0.103548228448777	0.103548228448777
grey	PCB_11	95	-0.122685168638622	-1.18912314580056	1.19213876467743	0.236239932028915	0.236239932028915
grey	PCB_39	95	0.039956478479101	0.385531581162179	0.385634283512945	0.700648234320318	0.700648234320318
grey	PCB_153_168	95	0.0193663261506634	0.186785439835202	0.18679711876386	0.852226598282935	0.852226598282935
grey	PCB_129_138_163	95	0.0169934036537662	0.163894227519692	0.163902117266128	0.870163879301693	0.870163879301693
grey	PCB_180_193	95	0.00405583914406964	0.0391133107182322	0.039113417954056	0.968883805255524	0.968883805255524
grey	PCB_198_199	95	-0.0253489091599362	-0.244508407114576	0.244534604693015	0.807355517477513	0.807355517477513
grey	Unclassified_PCBs_Total	95	0.00634954338867656	0.0612336018532937	0.0612340133213208	0.951304245539387	0.951304245539387
grey	PCB_118	95	-0.065292666601294	-0.630556743840983	0.631006141868462	0.529584256286482	0.529584256286482
grey	PCB_156_157	95	-0.0215694183730372	-0.208040204772657	0.208056341584105	0.835639934313858	0.835639934313858
grey	PCB_169	95	0.0305976806284129	0.295165482169896	0.295211569637721	0.768490321672732	0.768490321672732
grey	DL_PCBs_Total	95	-0.0541554292185513	-0.522767505847112	0.523023573880149	0.602201759682152	0.602201759682152
grey	PCB_146	95	-0.0193706802475134	-0.186827444982369	0.186839131792127	0.852193751117371	0.852193751117371
grey	PCB_187	95	0.0160542568463734	0.154834949511529	0.154841601912055	0.877281750302661	0.877281750302661
grey	PCB_183	95	-0.0339839317555121	-0.327855422471611	0.327918581873945	0.74371032319932	0.74371032319932
grey	PCB_177	95	0.00464338922146887	0.0447795458325984	0.0447797067508564	0.964378911355053	0.964378911355053
grey	PCB_170	95	0.0209937921810965	0.202486551368109	0.202501430031748	0.839967089573845	0.839967089573845
grey	PCB_196	95	0.041482469769	0.400272152086335	0.40038709159576	0.68978969386075	0.68978969386075
grey	PCB_203	95	0.0188861213021594	0.182152817222387	0.182163648538374	0.855850783220568	0.855850783220568
grey	PCB_194	95	-0.00640389666671469	-0.0617577871992539	0.0617582093250301	0.950887916876338	0.950887916876338
grey	NDL_PCBs_Totals	95	0.00925220808983139	0.0892276097053935	0.0892288828139493	0.929091888658087	0.929091888658087
grey	Total_PCBs	95	0.00161250140057879	0.015550413836662	0.0155504205756038	0.987626371466146	0.987626371466146
grey	weight(g)	95	0.119732525794798	1.16022429726595	1.16302525123727	0.247794787556881	0.247794787556881
